23,47
23,26
23,46
23,45
23,9
23,44
23,22
23,43
23,24
23,42
23,41
23,14
23,40
23,23
23,39
23,15
23,38
23,10
23,37
23,36
23,35
23,34
23,33
23,32
23,31
23,30
23,29
23,28
23,27
23,25
23,21
23,20
23,19
23,18
23,17
23,16
23,13
23,12
23,11
23,4
23,8
23,7
23,6
23,5
23,3
23,2
23,1
23,0
22,47
22,26
22,46
22,45
22,9
22,44
22,22
22,43
22,24
22,42
22,41
22,14
22,40
22,23
22,39
22,15
22,38
22,10
22,37
22,36
22,35
22,34
22,33
22,32
22,31
22,30
22,29
22,28
22,27
22,25
22,21
22,20
22,19
22,18
22,17
22,16
22,13
22,12
22,11
22,4
22,8
22,7
22,6
22,5
22,3
22,2
22,1
22,0
21,40
21,39
21,38
21,37
21,36
21,35
21,34
21,33
21,32
21,31
21,30
21,29
21,28
21,27
21,26
21,25
21,24
21,23
21,22
21,21
21,20
21,19
21,18
21,17
21,16
21,15
21,14
21,13
21,12
21,11
21,10
21,9
21,8
21,7
21,6
21,5
21,4
21,3
21,2
21,1
21,0
20,34
20,33
20,32
20,31
20,30
20,29
20,28
20,27
20,26
20,25
20,24
20,23
20,22
20,21
20,20
20,19
20,18
20,17
20,16
20,15
20,14
20,13
20,12
20,11
20,10
20,9
20,8
20,7
20,6
20,5
20,4
20,3
20,2
20,1
20,0
19,44
19,25
19,43
19,9
19,42
19,21
19,41
19,40
19,23
19,39
19,13
19,38
19,22
19,37
19,15
19,36
19,35
19,10
19,34
19,33
19,32
19,31
19,30
19,29
19,28
19,27
19,26
19,24
19,20
19,19
19,18
19,17
19,16
19,14
19,12
19,11
19,4
19,8
19,7
19,6
19,5
19,3
19,2
19,1
19,0
18,44
18,25
18,43
18,9
18,42
18,21
18,41
18,40
18,23
18,39
18,13
18,38
18,22
18,37
18,15
18,36
18,35
18,10
18,34
18,33
18,32
18,31
18,30
18,29
18,28
18,27
18,26
18,24
18,20
18,19
18,18
18,17
18,16
18,14
18,12
18,11
18,4
18,8
18,7
18,6
18,5
18,3
18,2
18,1
18,0
17,38
17,37
17,36
17,35
17,34
17,33
17,32
17,31
17,30
17,29
17,28
17,27
17,26
17,25
17,24
17,23
17,22
17,21
17,20
17,19
17,18
17,17
17,16
17,15
17,14
17,13
17,12
17,11
17,10
17,9
17,8
17,7
17,6
17,5
17,4
17,3
17,2
17,1
17,0
16,31
16,30
16,29
16,28
16,27
16,26
16,25
16,24
16,23
16,22
16,21
16,20
16,19
16,18
16,17
16,16
16,15
16,14
16,13
16,12
16,11
16,10
16,9
16,8
16,7
16,6
16,5
16,4
16,3
16,2
16,1
16,0
15,259
15,258
15,257
15,255
15,254
15,253
15,252
15,251
15,250
15,249
15,248
15,247
15,246
15,245
15,244
15,243
15,242
15,241
15,240
15,239
15,238
15,237
15,236
15,235
15,234
15,233
15,232
15,231
15,230
15,229
15,256
15,228
15,227
15,226
15,225
15,224
15,223
15,222
15,221
15,220
15,219
15,218
15,217
15,216
15,215
15,214
15,213
15,212
15,211
15,210
15,209
15,208
15,207
15,206
15,205
15,204
15,203
15,202
15,201
15,200
15,199
15,198
15,197
15,196
15,195
15,194
15,193
15,191
15,190
15,189
15,188
15,187
15,186
15,185
15,184
15,183
15,182
15,181
15,180
15,179
15,178
15,177
15,176
15,175
15,174
15,173
15,192
15,172
15,171
15,170
15,169
15,168
15,167
15,166
15,165
15,164
15,163
15,162
15,161
15,160
15,159
15,158
15,157
15,156
15,155
15,154
15,153
15,152
15,151
15,150
15,149
15,148
15,147
15,146
15,145
15,144
15,143
15,142
15,141
15,140
15,139
15,138
15,137
15,136
15,135
15,134
15,133
15,132
15,131
15,130
15,129
15,127
15,126
15,125
15,124
15,123
15,122
15,121
15,120
15,119
15,118
15,117
15,128
15,116
15,115
15,114
15,113
15,112
15,111
15,110
15,109
15,108
15,107
15,106
15,105
15,104
15,103
15,102
15,101
15,100
15,99
15,98
15,97
15,96
15,95
15,94
15,93
15,92
15,91
15,90
15,89
15,88
15,87
15,86
15,85
15,84
15,83
15,82
15,81
15,80
15,79
15,78
15,77
15,76
15,75
15,74
15,73
15,72
15,71
15,70
15,69
15,68
15,67
15,66
15,65
15,64
15,36
15,35
15,34
15,33
15,32
15,31
15,30
15,29
15,28
15,27
15,26
15,25
15,24
15,23
15,22
15,21
15,20
15,19
15,18
15,17
15,16
15,15
15,14
15,13
15,12
15,11
15,10
15,9
15,8
15,7
15,6
15,5
15,4
15,3
15,2
15,1
15,0
14,264
14,263
14,262
14,261
14,260
14,259
14,258
14,257
14,256
14,255
14,254
14,253
14,252
14,251
14,250
14,249
14,248
14,247
14,246
14,245
14,244
14,243
14,242
14,241
14,240
14,239
14,238
14,237
14,236
14,235
14,234
14,233
14,232
14,231
14,230
14,229
14,228
14,227
14,226
14,225
14,224
14,223
14,222
14,221
14,220
14,219
14,218
14,217
14,216
14,215
14,214
14,213
14,212
14,211
14,210
14,209
14,208
14,207
14,206
14,205
14,204
14,203
14,202
14,201
14,200
14,199
14,198
14,197
14,196
14,195
14,194
14,193
14,192
14,191
14,190
14,189
14,188
14,187
14,186
14,185
14,184
14,183
14,182
14,181
14,180
14,179
14,178
14,177
14,176
14,175
14,174
14,173
14,172
14,171
14,170
14,169
14,168
14,167
14,166
14,165
14,164
14,163
14,162
14,161
14,160
14,159
14,158
14,157
14,156
14,155
14,154
14,153
14,152
14,151
14,150
14,149
14,148
14,147
14,146
14,145
14,144
14,143
14,142
14,141
14,140
14,139
14,138
14,137
14,136
14,135
14,134
14,133
14,132
14,131
14,130
14,129
14,128
14,127
14,126
14,125
14,124
14,123
14,122
14,121
14,120
14,119
14,118
14,117
14,116
14,115
14,114
14,113
14,112
14,111
14,110
14,109
14,108
14,107
14,106
14,105
14,104
14,103
14,102
14,101
14,100
14,99
14,98
0,511
14,97
14,96
14,95
14,94
0,510
14,93
14,92
14,91
0,509
14,90
14,89
14,88
14,87
0,508
14,86
14,85
14,84
0,507
14,83
14,82
14,81
0,506
14,80
14,79
14,78
14,77
0,505
14,76
14,75
14,74
0,504
14,73
14,72
14,71
14,70
0,503
14,69
14,68
14,67
0,502
14,66
14,65
14,64
0,501
14,35
14,34
14,33
14,32
0,500
14,31
14,30
14,29
0,499
14,28
14,27
14,26
14,25
0,498
14,24
14,23
14,22
0,497
14,21
14,20
14,19
0,496
14,18
14,17
14,16
14,15
0,495
14,14
14,13
14,12
0,494
14,11
14,10
14,9
14,8
0,493
14,7
14,6
14,5
14,4
0,492
0,491
0,490
0,489
0,488
14,3
14,2
0,487
14,1
14,0
0,486
0,485
13,4
13,3
13,2
0,484
13,1
13,0
0,483
0,482
0,481
0,480
0,479
0,478
12,47
12,26
12,46
12,45
12,9
12,44
12,22
12,43
12,24
12,42
12,41
12,14
12,40
12,23
12,39
12,15
12,38
12,10
12,37
12,36
12,35
12,34
12,33
12,32
12,31
12,30
12,29
12,28
12,27
12,25
12,21
12,20
12,19
12,18
12,17
12,16
12,13
12,12
12,11
12,4
12,8
12,7
12,6
12,5
12,3
12,2
12,1
12,0
0,477
0,476
0,475
0,474
11,40
11,39
11,38
11,37
11,36
11,35
11,34
11,33
11,32
11,31
11,30
11,29
11,28
11,27
11,26
11,25
11,24
11,23
11,22
11,21
11,20
11,19
11,18
11,17
11,16
11,15
11,14
11,13
11,12
11,11
11,10
11,9
11,8
11,7
11,6
11,5
11,4
11,3
11,2
0,473
11,1
11,0
10,34
10,33
0,472
10,32
10,31
10,30
0,471
10,29
10,28
10,27
0,470
10,26
10,25
10,24
0,469
10,23
10,22
10,21
0,468
10,20
10,19
10,18
10,17
0,467
10,16
10,15
0,466
10,14
10,13
10,12
10,11
0,465
10,10
10,9
10,8
0,464
10,7
10,6
10,5
10,4
0,463
0,462
0,461
0,460
0,459
10,3
10,2
0,458
10,1
10,0
0,457
0,456
9,4
9,3
9,2
0,455
9,1
9,0
0,454
0,453
0,452
0,451
0,450
0,449
0,448
0,383
0,382
8,50
8,49
8,27
8,48
8,9
8,47
8,23
8,46
8,45
8,26
8,44
8,15
8,43
8,24
8,42
8,41
8,16
8,40
8,10
8,39
8,38
8,37
8,36
8,35
8,34
8,33
8,32
8,31
8,30
8,29
8,28
8,25
8,22
8,21
8,20
8,19
8,18
8,17
8,14
8,13
8,12
8,11
8,4
8,8
8,7
8,6
8,5
0,381
0,380
0,379
0,378
8,3
8,2
0,377
8,1
8,0
0,376
0,375
0,374
0,373
0,372
0,371
7,43
7,42
7,41
7,40
7,39
7,38
7,37
7,36
7,35
7,34
7,33
7,32
7,31
7,30
7,29
7,28
7,27
7,26
7,25
7,24
7,23
7,22
7,21
7,20
7,19
7,18
7,17
7,16
7,15
7,14
7,13
7,12
7,11
7,10
7,9
7,8
7,7
7,6
7,5
7,4
7,3
7,2
0,370
7,1
7,0
6,65
6,64
6,35
0,369
6,34
6,33
6,32
0,368
6,31
6,30
6,29
0,367
6,28
6,27
0,366
6,26
6,25
6,24
6,23
0,365
6,22
6,21
0,364
6,20
6,19
6,18
6,17
0,363
6,16
6,15
0,362
6,14
6,13
6,12
6,11
0,361
6,10
6,9
0,360
6,8
6,7
6,6
6,5
6,4
0,359
0,358
0,357
0,356
0,355
6,3
6,2
0,354
0,353
6,1
6,0
0,352
0,351
0,350
0,349
0,348
5,386
0,400
5,385
5,384
5,383
0,399
5,382
5,381
5,380
0,398
5,379
5,378
0,397
5,377
5,376
5,375
0,396
5,374
5,373
5,372
0,395
5,371
5,370
5,369
0,394
5,368
5,367
5,366
0,393
5,365
5,364
5,363
0,392
5,362
5,361
5,360
0,391
5,359
5,358
0,390
5,357
5,356
5,355
5,354
0,389
5,353
5,352
5,351
0,388
5,350
5,349
5,348
0,387
5,347
5,346
5,345
0,386
5,344
5,343
5,342
0,385
5,341
5,340
5,339
0,384
5,338
5,337
5,336
0,347
5,335
5,334
5,333
5,332
0,346
5,331
5,330
5,329
0,345
5,328
5,327
5,326
0,344
5,325
5,324
5,323
0,343
5,322
5,321
5,320
0,342
5,319
5,318
5,317
0,341
5,316
5,315
5,314
0,340
5,313
5,312
5,311
0,339
5,310
5,309
5,308
0,338
5,307
5,306
5,305
0,337
5,304
5,303
5,302
0,336
5,301
5,300
5,299
0,335
5,298
5,297
5,296
0,334
5,295
5,294
5,293
0,333
5,292
5,291
5,290
0,332
5,289
5,288
5,287
0,331
5,286
5,285
5,284
0,330
5,283
5,282
5,281
5,280
0,329
5,279
5,278
5,277
0,328
5,276
5,275
5,274
0,327
5,273
5,272
5,271
5,270
0,326
5,269
5,268
5,267
5,266
5,265
5,264
5,263
5,262
0,325
5,261
5,260
5,259
5,258
5,257
5,256
5,255
5,254
5,253
5,252
5,251
5,250
5,249
5,248
5,247
5,246
5,245
5,244
5,243
5,242
5,241
5,240
5,239
5,238
5,237
0,324
5,236
5,235
5,234
5,233
5,232
5,231
5,230
5,229
5,228
5,227
5,226
5,225
5,224
5,223
5,222
5,221
5,220
5,219
5,218
5,217
5,216
5,215
5,214
5,213
5,212
5,211
0,323
5,210
5,209
5,208
5,207
5,206
5,205
5,204
5,203
5,202
5,201
5,200
5,199
5,198
5,197
5,196
5,195
5,194
5,193
5,192
5,191
5,190
5,189
5,188
5,187
5,186
5,185
0,322
5,184
5,183
5,182
5,181
5,180
5,179
5,178
5,177
5,176
5,175
5,174
5,173
5,172
5,171
5,170
5,169
5,168
5,167
5,166
5,165
5,164
5,163
5,162
5,161
5,160
0,321
5,159
5,158
5,157
5,156
5,155
5,154
5,153
5,152
5,151
5,150
5,149
5,148
5,147
5,146
5,145
5,144
5,143
5,142
5,141
5,140
5,139
5,138
5,137
5,136
5,135
0,320
5,134
5,133
5,132
5,131
5,130
5,129
5,128
5,127
5,126
5,125
5,124
5,123
5,122
5,121
5,120
5,119
5,118
5,117
5,116
5,115
5,114
5,113
5,112
5,111
5,110
0,319
5,109
5,108
5,107
5,106
5,105
5,104
5,103
5,102
5,101
5,100
5,99
5,98
5,97
5,96
5,95
5,94
5,93
5,92
5,91
5,90
5,89
5,88
5,87
5,86
5,85
5,84
0,318
5,83
5,82
5,81
5,80
5,79
5,78
5,77
5,76
5,75
5,74
5,73
5,72
5,71
5,70
5,69
5,68
5,67
5,66
5,65
5,64
5,35
5,34
5,33
5,32
5,31
5,30
5,29
0,317
0,243
5,28
5,27
5,26
5,25
5,24
5,23
5,22
5,21
5,20
5,19
5,18
5,17
5,16
5,15
5,14
5,13
5,12
5,11
5,10
5,9
5,8
5,7
5,6
5,5
5,4
5,3
5,2
5,1
5,0
4,3
4,1
4,0
1,1
1,3
1,0
2,1
2,3
2,0
0,9
0,310
0,305
0,308
0,304
0,303
0,302
0,307
0,12
0,10
0,8
0,0
0,300
0,299
0,298
0,297
0,296
0,295
0,294
0,293
0,292
0,291
0,290
0,289
0,288
0,287
0,286
0,285
0,284
0,283
0,282
0,281
0,280
0,279
0,278
0,277
0,276
0,275
0,274
0,273
0,272
0,271
0,270
0,269
0,268
0,267
0,266
0,265
0,264
0,263
0,262
0,261
0,260
0,259
0,258
0,257
0,256
0,255
0,254
0,253
0,252
0,251
0,250
0,249
0,248
0,247
0,246
0,245
0,244
0,242
0,241
0,240
0,239
0,238
0,237
0,236
0,235
0,234
0,233
0,232
0,231
0,230
0,229
0,228
0,227
0,226
0,225
0,224
0,223
0,222
0,221
0,220
0,219
0,218
0,217
0,216
0,215
0,214
0,213
0,212
0,211
0,210
0,209
0,208
0,207
0,206
0,205
0,204
0,203
0,202
0,201
0,200
0,199
0,198
0,197
0,196
0,195
0,194
0,193
0,192
0,63
0,62
0,61
0,60
0,59
0,58
0,57
0,56
0,55
0,54
0,53
0,316
0,52
0,315
0,51
0,314
0,50
0,313
0,49
0,312
0,48
0,311
0,47
0,309
0,46
0,306
0,45
0,301
0,6
0,5
0,1
0,11
0,4
0,2
0,3
0,7
